2015-11-13T08:51:59+01:00	0	0	22.1	9
2015-11-13T08:51:59+01:00	1	55.3	5
2015-11-13T08:52:04+01:00	0	0	22.2	1
2015-11-13T08:52:04+01:00	1	55.3	9
2015-11-13T08:52:09+01:00	0	0	22.2	6
2015-11-13T08:52:09+01:00	1	55.4	2
2015-11-13T08:52:14+01:00	0	0	22.2	2
2015-11-13T08:52:14+01:00	1	55.4	11
2015-11-13T08:52:19+01:00	0	0	22.2	7
2015-11-13T08:52:19+01:00	1	55.4	3
2015-11-13T08:52:24+01:00	0	0	22.2	3
2015-11-13T08:52:24+01:00	1	55.5	0
2015-11-13T08:52:29+01:00	0	0	22.2	8
2015-11-13T08:52:29+01:00	1	55.5	5
2015-11-13T08:52:34+01:00	0	0	22.2	4
2015-11-13T08:52:34+01:00	1	55.5	1
2015-11-13T08:52:39+01:00	0	0	22.2	9
2015-11-13T08:52:39+01:00	1	55.6	7
2015-11-13T08:52:44+01:00	0	0	22.2	5
2015-11-13T08:52:44+01:00	1	55.6	3
2015-11-13T08:52:49+01:00	0	0	22.2	10
2015-11-13T08:52:49+01:00	1	55.6	8
2015-11-13T08:52:54+01:00	0	0	22.2	6
2015-11-13T08:52:54+01:00	1	55.7	5
2015-11-13T08:52:59+01:00	0	0	22.2	11
2015-11-13T08:52:59+01:00	1	55.7	10
2015-11-13T08:53:04+01:00	0	0	22.2	2
2015-11-13T08:53:04+01:00	1	55.7	1
2015-11-13T08:53:09+01:00	0	0	22.2	7
2015-11-13T08:53:09+01:00	1	55.8	7
2015-11-13T08:53:14+01:00	0	0	22.2	3
2015-11-13T08:53:14+01:00	1	55.8	3
2015-11-13T08:53:19+01:00	0	0	22.2	8
2015-11-13T08:53:19+01:00	1	55.8	8
2015-11-13T08:53:24+01:00	0	0	22.3	5
2015-11-13T08:53:24+01:00	1	55.9	5
2015-11-13T08:53:29+01:00	0	0	22.3	10
2015-11-13T08:53:29+01:00	1	55.9	10
2015-11-13T08:53:34+01:00	0	0	22.3	6
2015-11-13T08:53:34+01:00	1	55.9	6
2015-11-13T08:53:39+01:00	0	0	22.3	11
2015-11-13T08:53:39+01:00	1	56.0	3
